182 196 9 38 65 165 124 27 251 233 83 171 108 168 66 130 244 110 208 93 230 81 107 88 217 119 136 29 195 85 188 68 241 132 135 39 24 14 63 34 132 23 71 228 213 164 188 119 175 153 252 40 42 229 174 128 45 29 136 170 39 131 156 9 55 214 248 71 99 153 60 118 25 148 83 100 112 239 50 34 216 212 6 187 79 58 101 21 157 231 25 171 69 13 178 38 77 0 104 212 187 107 55 127 44 118 82 119 78 147 195 158 32 128 124 191 36 202 105 106 
234 213 211 26 93 208 219 251 74 165 91 38 186 232 145 108 179 203 190 33 59 254 209 226 187 107 119 237 175 215 178 243 154 90 30 118 194 110 16 144 168 196 208 14 243 162 30 65 164 248 87 59 55 167 45 248 146 185 113 203 32 127 185 133 209 107 137 245 195 244 88 174 49 125 161 230 194 143 61 167 174 14 244 35 241 192 209 135 20 246 148 127 224 114 115 34 231 80 64 185 96 181 14 122 146 19 236 87 40 178 113 166 199 144 81 44 111 205 197 129 
149 88 225 215 76 201 76 181 66 50 199 187 23 90 156 127 42 39 28 249 109 8 237 91 145 247 26 53 93 185 79 179 54 18 88 12 160 223 74 21 46 85 225 40 220 12 163 183 162 216 182 164 37 243 4 222 242 5 153 156 38 111 250 70 63 45 58 253 139 32 91 78 60 155 115 227 80 87 109 79 200 91 225 239 149 118 166 57 194 123 110 184 49 207 14 94 93 59 148 61 106 237 2 197 160 223 185 239 101 69 137 101 175 181 38 5 8 72 100 173 
48 46 124 104 148 30 85 139 72 130 93 222 31 69 20 6 78 136 243 210 115 61 134 218 180 177 216 184 183 101 16 230 47 229 131 16 243 207 186 150 255 11 111 114 198 63 87 27 80 252 42 40 57 169 78 148 245 11 5 5 214 189 25 77 211 249 207 253 189 137 123 54 159 163 101 251 172 20 107 241 46 116 137 75 180 255 43 200 13 252 121 253 66 34 40 158 232 213 175 123 14 71 86 102 97 147 151 211 17 179 11 100 34 207 199 137 20 20 136 138 
112 36 52 76 21 127 12 192 137 230 52 87 6 63 22 7 9 66 89 86 206 242 181 80 229 83 255 212 61 45 229 183 170 195 8 16 177 0 232 149 23 231 132 89 54 23 197 222 113 51 49 94 225 239 111 213 214 62 223 60 192 185 218 237 177 182 137 218 66 147 103 49 172 226 68 58 201 125 163 109 29 59 188 119 76 195 197 30 165 108 108 84 233 57 22 241 102 74 215 21 168 193 122 235 199 29 157 4 90 45 179 17 239 29 117 174 88 4 55 124 
234 170 54 10 243 51 62 28 254 25 146 51 47 49 157 31 43 141 122 78 130 5 232 162 250 4 147 143 153 208 181 202 206 13 107 6 145 91 171 153 220 193 161 133 19 3 182 132 32 221 92 238 199 223 4 83 159 220 4 89 117 240 78 86 135 190 98 224 183 171 86 117 160 139 70 36 100 46 202 227 182 78 71 195 246 248 149 221 231 51 244 35 110 65 100 172 12 227 196 177 145 87 122 16 46 34 116 36 73 98 178 81 8 30 114 7 123 250 194 20 
94 100 206 17 251 63 198 203 196 209 13 14 38 234 130 52 61 0 136 181 221 206 160 69 90 2 221 115 225 212 39 212 35 251 59 103 102 181 26 198 177 194 64 119 27 159 102 233 219 37 228 140 234 203 6 157 156 216 34 200 245 152 196 99 50 81 147 19 93 22 145 128 86 249 9 56 18 178 211 183 64 245 205 207 252 12 204 16 163 197 201 178 39 88 95 50 11 51 177 103 228 179 51 145 57 44 117 14 207 228 243 48 214 237 99 82 208 141 190 67 
207 36 132 206 24 127 100 244 227 90 97 183 9 6 217 214 90 181 220 47 183 95 235 203 194 77 225 237 135 162 71 45 130 182 38 6 199 158 63 240 132 187 22 123 87 168 91 114 212 106 249 196 54 241 112 224 55 137 50 250 147 37 65 239 173 222 239 75 116 223 212 252 215 51 0 34 165 175 51 31 88 194 50 159 192 210 90 216 37 234 94 173 255 243 176 134 155 146 205 33 152 242 41 203 187 30 173 240 15 249 79 218 113 236 233 41 235 12 90 77 
10 64 147 78 185 242 82 170 238 136 147 225 26 22 61 174 22 235 187 56 92 152 70 143 31 83 184 195 208 112 121 225 202 253 226 48 151 47 40 222 242 95 31 225 37 7 22 145 160 175 186 167 205 238 106 91 6 152 174 174 254 95 75 74 59 13 244 236 76 8 4 194 76 129 53 167 187 54 77 24 191 146 204 53 40 165 243 5 249 129 252 255 240 9 157 181 165 2 53 54 21 133 18 101 156 107 200 198 105 116 68 231 186 168 45 46 32 161 9 251 
110 209 16 76 27 199 120 39 191 233 189 96 13 228 41 217 212 111 156 61 100 87 146 194 167 103 45 82 112 130 141 107 109 39 252 63 179 186 232 2 108 174 216 166 185 109 228 5 227 211 238 58 223 18 226 5 49 199 112 45 165 136 11 187 81 203 162 106 59 124 239 62 1 191 101 243 236 163 117 227 79 133 63 134 218 119 221 207 47 190 131 139 139 188 17 201 232 109 233 99 94 191 104 41 45 163 175 232 64 183 190 96 68 147 155 175 137 93 11 86 
115 187 76 208 120 106 51 137 166 162 166 42 90 107 127 71 186 194 251 13 43 152 106 157 228 113 160 74 175 37 146 204 112 94 188 164 147 206 170 95 53 156 139 161 255 199 49 31 129 212 81 152 17 21 194 52 167 177 36 107 29 219 212 149 134 96 224 135 248 132 173 63 91 128 73 103 236 226 52 224 231 149 177 45 36 56 192 190 152 127 114 173 54 172 227 188 155 66 107 12 10 241 154 196 135 135 237 201 64 233 13 189 113 12 5 148 34 12 225 190 
221 208 20 86 130 240 250 82 164 113 141 125 183 176 222 243 88 83 94 29 246 212 64 210 222 254 221 229 65 105 206 163 145 66 212 130 162 227 194 231 179 144 193 82 8 184 189 202 110 100 84 228 244 191 160 55 196 119 43 199 248 155 124 250 43 245 142 37 102 82 70 55 144 248 21 160 196 81 87 207 175 229 196 37 135 162 123 71 47 14 3 32 111 79 138 109 97 31 122 125 214 29 10 237 179 64 73 90 250 93 177 76 48 180 219 155 101 162 154 66 
10 181 112 8 32 154 163 222 131 107 32 210 108 183 108 65 9 6 108 237 17 194 113 85 101 69 93 63 100 85 253 133 247 85 232 165 198 21 216 133 120 51 222 4 45 72 195 205 18 233 203 101 8 70 43 53 34 145 245 65 216 193 194 78 173 206 11 186 102 149 142 121 243 60 236 32 240 225 116 98 227 113 154 201 241 56 86 206 159 173 206 213 76 76 135 18 234 192 78 48 13 108 236 220 79 113 88 146 116 95 162 21 103 254 131 43 226 163 180 149 
147 188 209 118 86 96 93 40 101 237 4 87 223 25 168 137 244 134 62 167 9 221 71 90 182 127 87 214 200 41 14 79 68 101 86 223 223 143 44 177 157 197 31 187 56 129 21 24 202 111 48 10 0 197 170 41 173 77 210 80 53 97 49 37 112 165 51 68 201 237 176 188 157 43 177 183 230 87 127 36 205 85 201 27 127 162 181 204 244 39 148 179 97 16 154 239 178 182 151 244 64 41 218 103 176 31 75 76 50 209 61 246 35 45 22 154 60 233 24 70 
190 44 73 34 232 71 6 67 138 93 71 194 148 80 250 195 208 57 228 132 233 48 53 149 102 123 100 189 126 212 181 140 249 73 65 26 242 120 151 190 175 39 32 95 121 72 62 43 25 184 238 108 165 120 253 198 199 228 13 90 221 232 121 104 213 137 150 174 19 76 60 90 221 241 16 189 157 140 207 160 111 204 238 97 188 247 121 42 134 83 36 230 58 158 159 132 106 110 69 251 129 148 10 108 132 62 194 115 162 247 73 61 5 232 246 78 137 118 2 211 
165 22 32 65 38 34 229 238 64 113 99 18 90 188 29 188 45 40 145 237 193 147 175 187 145 202 62 153 197 123 80 186 234 34 197 137 179 199 239 10 195 45 149 183 47 216 35 199 62 183 166 207 36 140 32 223 92 129 174 45 239 32 198 106 105 153 62 158 247 180 58 67 210 34 255 118 207 120 13 239 75 223 118 176 95 88 246 36 92 57 161 55 17 144 124 75 182 45 178 72 186 180 75 225 95 228 192 138 100 81 234 22 165 92 130 251 155 181 243 125 
79 105 225 34 220 119 77 177 39 136 37 50 24 14 238 84 136 70 169 85 75 146 138 246 98 224 228 198 110 145 85 252 9 157 75 85 253 215 214 4 24 58 52 129 150 102 207 128 0 207 145 109 218 145 65 188 84 8 80 182 185 78 149 105 37 113 141 86 234 224 212 152 3 108 208 107 77 113 89 77 221 26 200 167 222 70 32 120 198 88 44 25 206 21 84 115 94 60 9 114 155 120 182 42 21 73 110 218 200 129 233 203 148 81 253 106 115 150 220 71 
108 38 76 57 103 75 56 245 127 4 202 20 20 62 108 16 117 127 215 126 191 112 194 140 179 131 202 129 13 158 134 45 200 98 238 197 122 127 149 209 67 101 19 221 72 64 239 255 55 137 91 216 100 142 114 122 15 241 196 12 78 145 65 64 189 6 46 10 154 9 159 130 99 236 174 148 80 30 227 7 108 63 120 45 40 114 44 175 177 12 59 203 104 15 209 82 208 10 161 230 128 84 145 115 196 215 141 50 161 239 76 176 163 250 174 30 85 52 60 8 
116 14 234 45 126 245 4 60 45 18 104 210 5 102 47 188 107 57 116 93 68 230 249 244 39 134 150 172 75 155 116 239 199 57 230 195 198 76 13 158 251 111 24 165 148 132 145 170 112 84 237 58 249 137 137 0 20 91 87 99 142 78 19 23 50 168 82 92 34 36 212 19 161 25 125 45 52 170 37 163 218 252 94 233 19 124 223 106 134 23 78 134 115 231 187 46 123 226 192 22 145 208 69 27 117 39 59 219 215 235 193 175 12 92 29 201 155 76 85 145 
212 109 158 109 147 187 110 123 166 181 52 230 219 55 116 213 62 51 120 11 162 80 189 110 245 244 175 65 211 108 155 224 88 13 222 30 124 121 34 52 53 99 134 246 158 57 209 243 52 144 12 177 183 64 250 243 230 170 38 98 163 238 74 38 27 218 140 187 121 126 43 141 226 104 213 116 83 27 127 128 78 166 230 250 136 131 106 98 31 213 132 82 34 193 8 186 144 72 208 77 143 36 30 40 161 237 159 120 186 253 186 31 180 72 168 149 127 101 102 180 
235 131 14 221 172 15 25 34 69 64 123 30 125 55 171 124 197 136 179 25 198 181 139 148 149 64 161 68 67 157 121 219 231 3 128 106 82 201 32 177 240 225 5 105 98 122 172 103 135 55 34 56 139 226 86 90 52 215 36 201 49 91 246 104 87 99 102 119 170 194 200 83 146 135 253 9 98 57 17 166 27 144 199 30 21 194 61 100 210 116 255 6 162 156 123 151 243 243 11 50 107 135 24 31 136 230 29 54 83 78 126 243 45 69 118 90 149 178 115 173 
85 2 14 180 66 24 209 89 159 92 86 42 23 124 78 76 198 217 71 85 201 100 247 191 126 243 248 197 80 94 63 67 201 138 46 20 225 67 173 241 89 253 15 252 207 108 192 48 82 23 158 2 151 222 39 157 227 79 82 238 243 138 34 11 134 240 188 112 190 131 184 86 196 144 239 118 4 248 14 58 124 105 231 165 204 144 98 100 124 19 150 73 82 95 218 141 240 169 65 63 191 174 227 254 34 97 201 199 120 34 77 35 145 218 113 240 182 170 216 186 
86 213 9 106 204 136 178 109 179 74 246 108 219 72 226 99 67 253 152 137 17 190 29 216 15 35 76 84 1 15 126 103 21 172 85 15 66 170 100 74 219 26 173 210 169 34 84 51 253 102 98 104 137 49 99 123 91 22 146 156 127 95 157 96 212 244 190 156 112 44 238 167 10 64 68 96 156 57 141 84 233 196 77 254 213 15 21 41 136 226 139 66 137 242 170 242 225 177 137 48 29 98 217 143 14 136 66 162 19 88 205 77 69 208 24 208 15 145 116 96 
103 206 181 91 194 63 119 159 218 204 99 49 159 252 67 167 73 111 96 39 55 91 36 214 4 24 89 104 181 142 53 31 222 195 3 93 208 130 199 17 133 158 122 157 40 253 77 2 5 73 39 94 117 164 75 48 175 7 144 190 205 157 246 84 77 167 14 108 164 2 20 61 196 251 79 96 74 230 27 242 132 219 159 204 87 227 120 38 76 62 103 202 151 162 58 219 253 4 48 6 0 11 228 172 234 40 21 146 205 147 142 221 203 149 55 114 237 217 159 172 
13 113 124 154 212 22 221 125 18 147 31 225 244 188 228 168 221 52 173 163 53 141 171 134 62 117 78 251 184 218 17 104 71 24 84 45 208 47 166 126 199 240 84 189 190 248 162 22 221 226 72 223 143 23 94 106 203 182 147 44 76 67 1 28 255 106 104 92 156 197 149 77 195 218 243 255 107 107 92 213 36 197 18 108 168 141 213 188 84 10 122 139 19 160 137 191 147 184 112 109 189 42 128 216 146 242 224 53 131 116 51 72 173 253 186 94 243 138 196 222 
58 31 184 196 229 168 48 74 52 84 86 20 61 48 93 83 152 178 64 53 109 173 132 90 187 74 182 215 251 117 21 85 81 76 229 93 169 151 81 142 28 153 191 253 103 17 2 110 116 191 253 91 19 217 164 28 149 26 131 19 117 138 205 5 181 60 7 217 178 10 9 208 132 88 162 58 36 180 77 133 147 139 88 89 120 52 62 108 151 124 198 80 247 31 109 126 229 249 63 195 146 65 230 152 172 204 89 92 205 89 182 243 164 149 10 57 90 5 215 20 
67 99 205 171 225 179 53 75 124 213 98 24 28 3 163 132 223 217 242 188 130 58 181 210 237 172 93 183 94 56 241 178 169 207 185 45 64 31 145 215 180 252 174 56 177 244 111 84 36 193 92 223 71 162 240 173 94 181 119 0 143 224 178 30 104 34 163 131 209 119 162 29 234 51 245 221 69 76 240 22 79 227 225 182 87 153 224 199 39 48 96 92 137 58 188 73 75 116 233 208 51 67 181 27 97 157 87 98 214 174 84 53 186 16 206 71 167 10 188 163 
83 83 220 201 2 157 126 246 182 38 227 92 227 214 163 129 51 174 206 10 242 70 63 51 241 102 2 145 40 168 242 151 29 107 87 107 89 224 122 19 110 236 39 210 109 191 53 56 169 157 170 195 55 42 208 112 33 155 43 94 65 187 245 123 186 101 132 41 35 210 121 133 230 215 199 226 130 199 14 49 42 209 195 193 238 32 88 0 52 26 10 199 134 147 60 3 82 171 242 65 159 129 209 25 216 195 44 222 163 137 230 162 251 32 2 142 36 152 160 245 
158 224 232 130 61 82 130 49 16 123 35 169 247 177 242 150 165 219 229 137 41 91 57 92 172 47 67 53 102 205 162 239 94 63 2 3 195 150 54 252 8 139 57 117 8 160 189 31 232 151 183 214 255 146 104 232 71 212 78 77 107 247 19 171 32 20 162 87 215 29 79 177 182 117 163 132 2 36 246 11 219 185 28 214 13 169 45 183 102 47 235 84 69 91 38 107 201 216 131 158 196 162 59 121 242 125 36 28 232 37 211 43 64 249 191 197 1 29 172 56 
4 111 238 4 213 111 188 202 46 158 167 91 26 228 246 183 46 39 78 124 186 69 190 46 45 112 185 123 234 156 128 30 31 72 64 32 72 70 23 51 182 104 0 61 126 111 238 29 166 188 1 211 16 255 148 247 121 235 237 217 194 117 39 211 63 238 184 55 89 230 218 247 223 29 169 171 207 169 201 6 180 15 130 81 173 130 133 100 103 22 99 183 119 110 8 11 88 90 71 30 246 124 201 134 201 84 103 75 90 183 147 211 182 36 77 36 230 231 86 83 
90 144 10 206 173 49 131 191 240 42 32 69 163 255 139 87 183 225 164 31 90 141 10 60 163 229 201 131 202 47 175 62 121 253 15 152 29 238 26 168 155 69 47 165 79 67 67 31 249 99 231 136 242 99 112 91 76 112 97 41 24 127 27 120 249 91 255 117 218 209 130 164 62 26 105 34 83 224 218 225 151 81 74 212 70 104 91 164 96 66 247 223 151 160 40 181 54 61 189 90 92 95 5 99 5 74 118 50 60 36 34 7 56 29 210 224 50 107 148 164 
235 80 113 204 52 52 14 131 232 140 119 42 71 101 153 83 250 108 55 30 22 21 218 7 187 156 166 235 199 133 238 71 110 26 127 166 112 238 68 123 233 140 144 184 131 35 58 42 124 100 28 212 57 230 156 220 93 208 179 241 206 138 62 149 80 16 181 223 16 213 25 136 86 8 159 21 29 194 214 70 206 130 167 150 99 220 251 186 213 192 246 104 186 151 6 220 201 68 89 173 185 231 26 24 246 59 156 201 246 56 155 49 248 252 98 44 209 183 104 129 
35 242 86 154 65 24 244 212 90 19 165 224 205 255 113 77 146 41 113 115 167 93 26 155 80 56 230 162 227 21 172 214 110 25 192 36 217 12 13 184 182 219 230 164 129 91 176 37 125 42 97 114 142 19 92 187 70 78 147 201 5 59 181 157 82 119 141 188 177 34 143 32 214 200 137 10 44 144 194 189 225 5 54 200 99 222 40 55 8 167 82 111 214 174 221 130 217 53 47 55 222 70 72 77 85 197 75 123 71 245 43 87 5 132 159 91 171 83 56 149 
70 52 151 203 208 155 118 184 117 0 133 194 237 193 201 78 213 52 165 178 174 196 230 190 218 235 48 224 27 16 52 179 127 225 9 223 227 244 191 57 148 45 74 27 76 206 137 229 32 25 17 81 88 215 201 182 176 176 218 186 207 149 141 31 0 187 228 145 111 27 13 238 218 68 135 233 193 139 41 109 47 139 149 54 58 35 183 49 239 80 174 186 228 116 224 99 178 190 23 140 107 142 108 149 98 6 119 81 34 93 235 61 88 148 219 111 231 14 208 73 
74 154 86 192 15 247 78 94 6 219 121 166 227 2 119 108 92 94 126 163 67 85 169 252 254 22 185 40 32 148 149 177 134 241 228 172 164 33 236 23 138 41 249 244 246 57 144 37 231 6 191 55 55 88 143 28 246 126 125 153 217 169 228 29 76 140 10 76 198 159 235 161 97 215 23 201 177 245 228 41 205 170 73 84 222 75 203 15 223 6 34 139 121 217 158 176 109 251 231 83 249 241 150 48 99 99 33 224 233 74 226 143 58 150 19 149 149 20 108 135 
124 163 73 53 106 60 235 83 30 93 163 47 250 65 120 70 170 212 163 175 229 121 34 151 228 27 49 79 199 190 253 97 107 91 10 92 59 209 110 86 156 52 1 186 120 231 252 154 171 218 157 20 175 9 27 104 126 59 140 130 208 19 98 179 61 234 254 211 99 55 77 95 23 103 209 109 36 163 193 209 176 20 193 155 31 55 246 32 85 209 56 127 89 83 66 44 22 67 18 106 162 240 197 118 178 246 146 160 23 220 90 55 24 56 68 101 162 167 228 50 
122 104 177 179 117 246 25 119 161 3 149 116 70 114 90 74 234 48 248 109 99 72 125 32 120 75 81 201 33 84 88 135 63 145 255 138 125 48 78 8 3 49 161 233 255 123 26 99 120 77 23 250 205 254 145 166 164 205 166 124 63 49 144 235 185 141 6 47 178 48 100 143 60 250 254 245 195 177 19 108 44 132 54 113 185 8 5 127 115 73 255 52 136 109 219 86 158 217 181 175 143 146 248 223 30 122 70 220 85 121 248 187 199 28 182 153 204 64 217 21 
138 160 218 68 4 130 89 93 191 182 0 245 176 41 19 27 82 89 216 167 214 170 247 222 28 151 189 201 36 214 228 138 176 188 221 96 77 188 132 82 186 84 118 245 193 78 155 134 124 105 85 153 66 165 4 229 181 161 132 85 214 148 18 241 9 223 42 144 1 47 126 153 126 151 99 171 111 41 0 108 238 172 139 36 118 40 94 184 178 62 177 194 33 167 162 23 186 103 139 176 26 123 207 18 98 64 121 119 13 52 87 172 96 174 188 134 202 181 161 196 
179 6 194 134 233 93 180 134 236 26 171 252 94 68 170 16 143 54 248 84 102 33 48 236 84 13 168 150 132 22 7 246 154 90 118 122 195 49 111 94 93 146 181 138 120 120 154 86 77 4 142 38 122 191 224 109 97 133 202 103 172 66 67 138 51 92 160 197 139 182 47 27 233 145 56 114 198 111 238 126 50 123 94 236 112 247 239 82 103 152 23 208 197 159 147 112 158 92 124 62 241 246 110 118 129 64 93 165 155 131 185 67 245 251 199 130 25 36 137 160 
58 99 138 187 250 178 209 184 85 103 16 179 193 17 236 30 33 66 153 123 72 97 81 32 194 21 49 40 102 109 185 52 134 36 58 141 173 14 204 71 105 119 2 60 228 107 91 167 59 237 207 45 189 37 130 134 221 33 207 220 159 153 71 44 66 162 27 215 186 65 144 97 65 204 243 158 242 102 47 55 225 78 83 27 151 127 106 40 248 249 72 17 41 53 168 238 9 34 255 60 106 194 42 35 85 20 70 164 89 158 117 60 161 4 240 221 117 176 87 194 
102 237 183 222 208 72 161 205 86 215 111 157 67 133 102 90 126 204 15 251 180 215 175 69 160 226 74 159 226 153 58 196 59 204 63 177 65 211 237 148 140 62 226 178 210 243 63 242 12 107 98 29 2 36 176 120 5 216 74 3 47 49 43 254 166 18 63 133 55 234 71 234 236 246 213 97 141 40 211 92 16 192 31 129 187 190 64 237 82 13 246 56 63 100 143 200 63 95 185 12 29 178 60 80 44 216 96 44 95 228 177 237 43 118 62 6 165 89 224 175 
134 238 28 206 233 62 79 161 112 29 228 139 77 37 199 33 157 165 218 184 137 222 208 198 205 68 223 199 210 198 204 202 120 241 231 82 47 154 132 208 174 182 103 218 241 48 236 46 69 143 182 43 203 244 57 68 29 42 1 6 132 11 8 108 156 153 232 55 252 24 38 13 104 214 183 117 98 232 213 136 184 116 67 133 93 55 184 253 130 216 225 201 149 126 211 84 36 91 24 243 114 124 31 26 196 201 74 4 33 81 106 238 230 199 1 96 230 212 77 104 
176 238 22 187 80 136 27 16 116 63 230 235 227 180 111 191 101 81 97 115 247 194 8 118 156 246 227 254 130 90 8 200 21 137 192 72 161 227 223 230 211 222 34 71 157 140 39 124 175 185 137 22 207 183 88 178 170 35 118 127 135 197 108 76 207 238 249 120 0 171 24 135 43 151 139 253 225 6 231 184 58 42 233 200 59 157 244 31 15 175 1 69 201 231 135 221 161 171 43 250 43 91 87 4 88 189 191 114 99 78 211 58 54 189 69 152 95 218 107 74 
246 218 206 147 128 176 109 206 113 37 200 88 78 240 27 5 164 236 6 252 79 60 55 195 184 6 208 57 212 31 169 13 153 243 211 122 16 146 200 240 182 5 107 205 12 196 93 51 203 54 52 212 170 76 182 253 74 14 84 145 147 190 253 221 164 154 126 210 85 73 243 153 177 163 171 17 107 195 208 77 52 216 238 239 177 126 150 85 91 203 17 33 7 193 184 135 143 86 152 198 111 76 188 251 51 84 130 56 69 120 71 252 150 192 128 85 47 94 73 109 
218 161 192 118 124 178 29 104 32 127 170 1 144 30 137 116 135 180 32 177 122 177 75 26 63 42 143 83 140 32 71 25 10 160 63 224 201 93 36 92 177 42 112 209 67 204 178 31 170 59 205 21 21 117 226 121 2 27 67 168 118 81 111 77 114 216 147 173 117 90 183 207 247 185 89 58 244 86 240 183 120 71 7 79 41 124 140 53 242 123 166 130 27 189 73 213 28 53 11 55 30 145 232 24 81 135 49 162 187 163 145 155 107 94 78 24 132 184 21 232 
143 52 228 64 14 176 211 226 166 175 154 80 35 232 110 138 58 119 62 145 65 253 89 157 137 152 186 122 238 179 113 15 251 255 173 127 85 222 189 7 170 130 93 110 128 78 93 177 66 212 112 61 69 241 174 52 88 95 98 152 148 59 45 239 23 117 131 199 78 177 161 233 2 119 194 125 14 232 96 4 189 74 152 127 77 86 56 143 247 3 183 165 192 177 237 76 145 255 63 107 110 44 6 152 103 190 25 88 242 88 76 52 4 65 167 83 78 53 241 51 
177 48 207 38 238 32 86 25 38 162 146 164 39 18 64 63 186 113 97 180 107 250 237 73 226 228 40 53 6 243 214 155 125 247 160 249 84 45 186 231 116 14 250 246 100 166 75 231 13 102 9 46 82 150 92 239 35 37 137 62 32 226 199 254 57 202 218 75 70 201 228 16 147 89 5 160 28 246 189 21 73 152 7 224 206 168 203 228 191 44 108 10 9 106 55 18 154 80 151 148 237 213 78 112 189 33 156 188 195 127 107 25 242 102 244 43 44 252 192 93 
165 213 4 172 182 95 221 216 251 229 179 232 9 228 99 77 68 240 199 173 236 113 24 210 201 206 217 231 197 236 66 196 49 73 164 57 194 195 40 167 241 32 95 81 131 246 157 172 237 98 192 237 95 83 193 134 59 39 37 198 100 71 195 52 209 104 185 233 54 163 58 101 75 56 94 3 86 238 230 170 213 12 118 138 144 94 97 174 134 190 12 200 3 109 144 62 18 158 212 232 169 172 203 30 94 63 242 216 206 55 232 226 122 101 40 150 102 160 204 179 
138 189 149 103 46 127 44 31 147 76 216 52 236 249 120 53 56 182 244 179 98 49 229 219 26 222 77 228 205 66 232 70 174 188 147 61 33 86 53 181 148 164 23 196 143 186 29 125 181 129 166 33 88 197 42 123 38 225 111 53 73 161 184 213 17 28 4 226 170 239 109 24 114 89 210 144 234 121 110 42 147 122 166 138 192 66 116 65 90 71 118 66 215 37 63 254 113 186 219 246 112 193 59 126 149 173 218 143 112 105 110 79 122 3 10 81 4 136 129 238 
133 14 184 4 194 31 254 15 234 224 94 112 173 234 150 207 97 76 96 199 225 25 182 84 93 123 143 33 80 26 196 100 129 123 244 22 128 38 206 142 128 58 44 218 184 46 56 95 110 219 85 194 50 217 0 232 137 233 45 33 197 192 161 197 155 27 71 244 65 75 185 36 187 6 115 104 22 193 135 135 118 192 213 23 83 231 93 35 223 206 107 183 38 194 248 198 65 211 104 65 106 201 86 235 25 64 160 214 203 49 190 28 253 146 131 12 2 235 245 31 
210 242 71 66 137 68 154 112 140 254 30 39 37 186 39 3 45 104 181 130 130 184 127 107 138 154 185 101 239 33 15 211 28 199 7 189 82 15 39 157 54 214 128 125 107 76 96 3 169 33 121 111 130 200 235 13 60 40 60 20 210 20 224 229 97 150 209 22 0 95 142 164 124 4 242 212 48 204 115 85 194 165 187 98 32 39 155 124 152 29 228 97 5 142 110 29 147 151 200 199 148 181 5 174 208 55 9 200 200 107 250 117 178 202 39 216 86 141 37 58 
218 197 185 112 201 120 217 246 107 90 128 77 13 3 152 88 61 218 111 23 187 232 219 230 54 23 233 19 59 116 250 251 155 171 201 186 231 160 128 4 43 84 127 236 43 100 198 196 83 13 0 168 93 20 80 122 114 219 19 115 130 107 87 0 34 131 25 49 214 119 86 193 149 199 236 203 154 212 50 164 170 99 75 217 252 129 147 113 196 210 107 219 126 226 128 113 103 125 57 109 152 212 53 58 13 234 71 192 60 212 8 118 30 237 141 151 163 126 229 243 
19 196 102 147 37 240 172 229 157 46 86 123 116 133 41 5 10 120 201 93 52 123 182 188 150 213 4 112 169 132 125 71 237 141 242 224 61 233 40 48 68 132 75 138 227 97 97 82 105 117 241 236 235 197 152 24 64 147 96 130 174 84 44 204 215 251 212 115 171 89 177 27 180 22 151 143 164 105 50 38 228 132 223 36 28 56 5 75 220 99 64 152 136 160 201 155 72 7 27 102 107 147 100 113 52 175 126 162 253 255 21 131 100 244 89 249 169 196 145 151 
189 142 158 255 123 194 109 154 231 154 22 235 124 241 159 222 225 133 61 86 7 54 201 2 224 23 183 218 153 30 236 169 220 158 85 59 34 204 96 134 9 104 18 59 197 118 231 200 216 204 213 130 239 79 94 187 23 227 154 226 42 199 88 1 113 7 82 119 254 211 133 107 87 53 202 235 190 175 21 132 23 141 138 127 143 12 224 202 13 167 20 8 16 65 17 58 134 139 79 188 209 195 104 83 17 145 172 50 253 161 59 191 59 237 111 244 203 15 167 228 
172 94 134 69 165 47 91 116 31 44 122 159 109 28 73 65 29 7 219 224 130 176 121 83 223 44 106 239 249 78 202 109 213 98 237 179 117 117 79 98 101 79 79 9 85 164 183 243 48 46 45 249 106 143 150 142 244 185 93 217 112 155 65 250 84 144 141 78 69 57 224 75 177 204 53 159 190 130 251 191 69 93 156 68 162 92 115 105 172 155 229 44 66 123 236 113 130 209 98 232 155 30 113 94 140 247 249 142 68 98 52 173 195 165 67 221 77 247 0 240 
11 162 1 98 153 25 62 209 32 30 84 20 66 10 21 215 59 60 27 161 196 53 237 153 64 48 143 87 170 116 14 120 9 206 226 244 124 70 245 224 144 96 141 197 122 133 179 154 248 86 240 99 157 86 34 253 108 94 200 202 26 59 118 123 177 157 191 196 64 138 223 112 101 79 219 27 114 217 48 195 251 18 36 166 217 232 51 26 253 2 177 153 247 85 171 160 173 49 106 203 178 136 172 43 119 44 6 10 33 216 172 80 45 135 104 227 123 84 250 194 
149 215 70 38 225 212 126 133 36 130 13 48 13 104 234 199 173 208 148 226 211 106 44 145 187 234 20 148 178 228 52 195 83 169 202 232 108 231 194 251 57 215 132 139 23 223 84 133 246 40 6 122 169 78 181 128 251 240 247 206 203 158 154 109 111 14 246 145 95 136 108 48 39 167 193 24 220 124 57 119 15 2 74 68 241 232 180 29 7 204 98 132 78 180 207 180 105 27 129 41 63 65 193 86 43 69 138 219 30 99 157 11 87 24 50 71 18 66 161 137 
215 179 103 92 139 105 88 121 154 132 1 162 249 244 11 118 166 26 158 21 251 41 55 240 199 10 185 194 69 2 159 104 84 51 67 228 44 35 130 23 26 143 240 54 236 146 136 204 167 10 181 207 73 30 22 217 85 154 133 14 230 11 161 31 62 225 121 64 102 116 59 253 250 112 21 154 155 161 173 12 79 128 122 181 132 231 8 219 161 135 67 238 194 155 120 6 93 159 87 198 156 142 50 145 93 146 97 86 129 70 130 21 234 209 14 112 178 125 104 183 
10 227 178 173 142 154 89 150 236 62 109 170 193 187 174 153 118 98 59 210 223 98 247 55 108 246 52 102 149 32 185 85 21 202 34 8 13 229 76 52 186 252 221 165 205 191 226 192 4 47 83 255 177 0 181 49 9 142 254 99 112 127 189 147 90 173 93 16 176 88 46 232 81 147 183 142 91 7 179 159 25 130 162 188 128 145 107 26 238 221 163 70 138 176 136 184 46 213 178 186 150 14 230 127 132 140 15 159 84 148 231 118 133 48 28 148 127 116 177 168 
114 140 171 238 172 82 242 208 80 219 165 172 65 82 233 39 183 31 137 77 215 21 43 235 208 110 76 186 31 19 138 212 249 59 213 41 50 41 242 227 92 10 41 235 94 227 188 9 192 143 249 200 19 114 48 213 251 159 216 61 44 144 184 110 59 65 57 230 77 250 139 0 51 83 185 209 214 144 106 178 115 109 224 121 79 54 217 109 17 235 44 204 38 184 200 205 58 143 5 136 80 113 49 240 126 60 102 251 103 191 176 20 119 172 70 157 53 193 108 246 
97 231 84 138 8 15 91 237 189 159 119 156 124 188 51 231 77 162 241 59 96 48 114 123 115 164 176 146 154 49 132 126 233 169 135 45 204 101 7 61 217 228 158 118 100 231 94 211 47 139 101 252 14 69 23 62 68 199 25 179 60 178 101 19 117 9 119 133 14 28 249 250 250 17 143 212 149 192 123 44 228 122 162 154 204 145 189 97 224 241 174 81 133 41 110 135 214 41 42 42 245 232 173 244 5 212 183 187 195 96 104 14 35 59 218 252 91 227 101 64 
127 3 67 216 197 216 7 51 48 82 5 1 200 180 125 123 206 38 52 223 62 148 25 78 1 113 168 34 54 252 172 204 184 143 55 255 226 127 182 146 223 95 2 200 52 200 83 14 155 163 131 3 1 178 111 7 165 250 134 93 136 69 84 194 148 32 10 79 247 145 140 210 110 151 175 97 118 58 229 182 70 230 217 200 1 106 29 21 131 46 213 47 12 76 235 162 19 233 195 84 102 138 56 148 28 62 79 159 2 252 112 200 182 25 137 50 151 147 233 28 
116 47 46 64 126 76 179 109 254 212 102 140 50 30 162 201 12 240 170 147 140 83 117 1 34 122 197 207 122 158 48 58 22 175 25 6 213 44 38 87 46 70 2 7 210 130 255 113 131 165 80 155 0 10 221 33 172 227 138 82 161 219 233 61 198 171 190 216 195 15 11 168 233 84 41 46 1 110 129 246 38 145 78 199 91 165 101 220 230 19 240 64 240 159 86 27 70 227 254 193 189 2 57 126 203 68 215 252 225 239 41 215 46 146 50 211 189 199 205 50 
219 10 100 203 113 212 123 26 115 113 126 80 89 54 136 208 139 59 127 213 40 191 98 237 216 137 159 6 191 154 44 176 25 245 34 231 42 200 16 29 66 186 242 223 80 30 201 221 66 157 166 99 235 240 200 97 221 44 219 163 112 209 221 229 3 173 99 188 139 255 149 75 83 37 150 7 29 88 187 175 8 7 34 31 114 148 61 106 181 219 235 120 147 35 25 129 25 70 69 96 139 150 159 144 165 124 200 135 85 207 211 214 172 139 126 7 73 201 154 236 
31 251 27 225 79 232 18 132 125 212 249 251 85 142 24 135 132 211 51 39 165 56 218 34 70 224 233 156 251 77 33 39 222 234 13 175 236 193 55 77 1 149 190 163 24 78 52 9 219 50 184 197 130 50 77 107 232 97 201 57 252 132 199 33 238 91 228 42 5 190 48 188 139 67 246 139 199 110 171 46 217 162 194 250 13 102 16 33 35 191 137 44 60 20 153 63 82 171 106 19 239 166 19 220 129 137 219 65 108 40 168 190 145 211 93 207 147 242 219 112 
48 200 189 172 219 23 4 101 49 201 6 251 212 19 159 224 28 133 75 246 80 200 187 157 215 140 167 228 10 69 51 135 21 209 255 197 40 26 206 89 63 226 42 141 75 55 124 135 173 181 83 230 186 155 223 30 136 9 188 251 220 245 51 121 12 217 66 63 90 251 251 26 99 112 64 33 19 146 55 30 19 162 251 255 35 149 14 118 133 164 152 213 88 95 198 173 43 71 79 121 105 201 35 23 81 191 114 140 165 46 50 189 230 5 84 22 245 57 98 107 
98 65 8 97 65 106 242 145 62 90 182 149 51 68 126 72 68 222 31 25 39 32 167 237 2 203 81 28 166 196 247 155 68 28 195 189 135 65 119 85 241 172 119 93 155 1 20 146 209 224 120 13 214 111 110 68 245 39 225 137 89 70 196 91 207 190 51 71 30 27 123 59 18 33 25 72 127 163 237 223 123 65 36 169 196 170 208 244 174 11 45 198 230 84 221 218 158 186 48 200 131 34 11 214 127 49 255 148 88 38 248 234 24 28 125 191 48 116 39 85 
212 169 27 30 37 25 140 84 134 8 231 14 158 30 107 211 127 191 20 166 47 67 166 226 85 23 135 31 208 206 54 157 185 255 7 227 187 60 215 115 43 38 158 114 157 187 175 182 67 58 77 206 171 12 222 73 81 53 50 99 15 50 3 230 0 196 244 194 44 20 165 7 238 82 137 25 22 46 101 174 183 12 92 207 142 191 229 98 152 248 58 58 222 87 113 39 191 239 229 1 201 229 88 9 175 110 146 107 51 220 52 213 56 91 60 75 233 16 101 31 
25 15 103 76 151 142 19 159 140 185 136 72 222 190 170 75 150 10 40 88 141 77 65 94 43 23 134 245 122 196 153 61 67 243 248 31 24 159 211 162 182 99 219 80 41 207 217 48 62 194 249 188 189 134 183 226 227 155 97 172 158 240 243 116 192 9 222 178 136 231 214 99 17 171 90 13 59 92 206 96 25 60 197 160 122 23 56 76 117 122 204 210 215 29 118 45 118 193 162 86 125 208 140 101 132 226 216 29 87 10 2 206 26 27 144 175 216 144 173 236 
199 241 253 225 62 24 107 210 153 217 97 215 215 94 24 154 204 77 155 241 11 79 42 92 78 1 142 170 121 98 156 144 151 149 242 192 32 218 118 62 148 24 216 231 221 52 29 38 25 197 105 187 63 58 146 30 19 223 137 95 184 16 228 116 91 118 1 225 147 26 156 195 122 201 43 227 171 151 236 14 217 163 96 66 150 178 6 232 210 185 249 228 176 26 213 83 19 118 191 143 251 61 203 163 221 211 133 213 135 1 148 30 31 4 93 153 102 70 193 16 
79 23 196 38 45 35 52 13 235 86 161 182 241 216 141 106 197 77 220 176 216 6 68 161 25 176 249 123 133 117 189 205 202 30 61 85 126 53 101 3 144 86 97 80 252 34 247 163 25 81 221 180 173 104 42 122 27 241 0 253 255 115 158 61 17 212 138 196 191 95 122 27 219 68 119 32 43 252 79 53 123 66 116 225 197 10 174 28 244 225 23 241 23 180 182 28 95 29 251 14 24 138 42 213 236 221 34 32 221 241 241 15 93 240 32 44 242 194 124 66 
26 35 172 217 68 28 43 48 197 110 185 202 203 253 236 38 103 6 35 131 134 204 92 221 165 137 180 198 213 198 78 96 132 207 52 246 174 11 196 217 112 67 135 56 204 83 25 141 212 97 69 128 189 105 218 62 250 13 200 115 242 144 146 152 143 172 13 90 42 71 104 202 231 54 225 167 136 237 12 238 141 29 169 189 208 142 21 156 89 129 181 176 26 135 207 197 64 36 98 64 149 255 140 32 74 11 153 138 49 152 250 151 215 79 170 246 128 225 232 217 
66 84 49 8 57 39 237 253 147 165 165 2 88 134 117 211 234 138 65 38 42 162 88 31 239 59 91 39 79 175 69 136 196 240 86 84 17 237 131 17 151 122 37 63 243 176 216 24 25 90 0 117 22 64 225 9 43 157 191 254 185 158 116 32 101 139 32 239 95 71 82 97 229 22 236 136 6 154 20 194 138 214 87 195 26 10 255 221 74 152 0 239 191 167 28 238 73 116 164 63 111 3 38 32 165 74 82 118 91 55 102 132 236 69 105 121 23 166 47 2 
114 35 11 190 63 26 48 215 91 47 250 249 194 166 20 55 250 72 244 160 15 192 81 199 221 25 141 201 14 202 86 44 171 117 76 92 230 97 161 234 171 16 126 3 35 0 215 246 226 4 200 42 177 94 28 161 155 84 255 85 230 123 139 188 151 9 62 27 118 149 122 59 57 179 189 166 27 44 97 25 196 85 97 120 48 195 215 236 236 205 191 169 93 190 235 207 178 181 183 64 110 114 29 107 139 157 233 73 235 91 90 163 56 48 221 169 232 36 91 219 
152 229 167 185 205 205 58 39 159 120 15 169 241 0 94 253 2 117 93 238 254 182 229 71 158 99 177 88 165 50 154 79 78 139 141 209 36 162 66 89 76 150 244 78 55 97 209 29 33 51 231 125 134 65 122 36 188 136 132 180 32 21 216 85 73 220 112 247 108 175 177 245 70 47 100 127 115 194 172 120 28 227 159 180 46 1 164 120 117 223 14 91 174 137 248 195 13 233 228 20 212 186 149 10 196 21 192 255 109 59 0 76 205 99 69 101 47 156 226 23 
239 53 53 12 83 88 228 41 172 142 114 218 64 37 173 56 171 136 145 232 59 28 166 50 149 98 229 58 145 234 247 93 61 255 199 217 160 54 118 59 231 51 95 228 5 221 255 218 15 59 185 94 118 243 224 224 17 254 200 67 136 153 204 31 28 68 230 81 201 8 133 249 130 85 144 72 32 134 252 29 47 20 252 78 207 125 226 46 27 112 54 110 187 60 23 121 26 189 224 64 55 119 20 77 140 167 60 147 84 145 217 208 9 185 62 158 37 182 80 56 
171 219 208 92 198 66 17 239 131 0 44 205 138 99 135 16 12 65 101 96 126 11 104 215 122 237 246 136 195 212 41 62 134 103 52 41 4 163 224 77 221 227 96 87 231 121 83 251 162 15 33 20 91 190 91 3 12 231 95 230 134 205 132 71 65 130 181 90 86 100 19 20 99 213 249 122 155 229 132 137 126 217 187 35 224 36 252 14 247 252 172 251 251 99 219 208 19 129 34 159 2 28 133 253 138 131 183 56 197 88 60 100 23 72 126 76 37 15 190 122 
163 1 226 45 72 54 129 25 4 46 67 241 233 201 55 187 116 136 198 238 147 42 205 178 246 203 77 212 198 239 140 121 181 216 1 2 96 104 51 39 26 102 54 143 135 60 210 107 138 219 13 62 132 86 69 148 206 29 65 224 7 84 6 52 29 158 6 84 32 89 87 208 149 55 67 225 219 27 111 165 1 19 255 78 230 224 16 106 64 169 224 199 90 145 212 235 251 124 137 146 147 92 139 39 232 96 217 233 219 162 79 119 17 158 195 197 102 204 142 104 
4 251 191 40 184 7 170 52 211 10 152 47 70 138 40 234 126 131 244 250 86 9 16 73 5 84 214 248 85 63 134 250 176 238 56 1 224 124 218 3 13 3 165 173 245 235 159 15 56 176 64 29 67 250 52 147 183 93 84 237 188 34 54 171 76 39 22 38 48 235 128 207 254 129 161 156 208 76 143 40 47 174 193 139 102 57 140 73 75 179 144 34 199 19 11 156 74 9 53 18 219 132 222 112 18 164 84 8 91 90 87 173 198 178 127 55 216 154 134 177 
16 78 168 11 104 162 225 28 93 240 2 23 22 18 94 10 167 117 72 93 57 8 9 53 92 225 61 223 44 151 134 136 40 201 246 196 174 119 254 251 27 69 230 189 166 122 77 131 243 49 14 210 249 12 52 44 77 93 29 77 197 115 56 162 3 211 249 183 249 154 111 149 178 175 123 26 181 10 43 25 139 185 107 214 239 212 50 133 140 242 138 137 174 28 250 206 120 67 13 217 131 57 117 145 249 169 135 40 92 133 37 231 74 149 234 183 123 193 156 46 
165 180 131 125 166 167 60 165 113 119 114 58 75 220 116 143 3 41 223 217 254 194 116 16 62 3 210 173 170 186 190 118 173 39 25 35 79 121 221 89 8 255 119 189 199 164 221 37 44 239 156 234 121 122 89 244 63 114 102 245 130 113 154 243 29 207 88 52 65 111 66 218 62 166 45 113 67 183 25 51 150 180 35 50 248 143 110 61 199 117 46 8 221 139 176 179 164 214 66 94 12 148 147 64 0 231 185 104 204 81 44 152 166 204 129 219 23 4 15 11 
191 225 202 71 183 58 196 185 68 70 86 174 99 72 32 39 215 239 213 208 173 225 46 196 200 16 246 146 246 133 90 73 163 43 4 214 89 190 28 229 227 106 89 19 173 219 155 48 117 235 179 144 2 2 29 214 13 193 5 45 60 24 240 186 121 142 54 184 225 79 188 212 111 96 64 196 27 16 161 191 75 216 251 44 155 18 223 159 234 141 124 199 254 67 47 23 58 143 100 93 1 230 169 169 178 128 111 43 151 74 126 169 252 239 84 146 193 90 105 194 
28 233 155 182 194 106 49 221 172 200 29 153 166 244 128 66 30 169 175 178 237 39 88 128 154 197 227 253 15 234 213 29 111 26 132 154 29 56 177 119 56 92 164 71 62 99 183 200 159 153 30 205 197 255 129 50 172 98 76 35 1 121 134 227 198 177 206 22 93 95 34 133 37 103 126 4 183 135 225 116 232 35 242 92 87 90 88 247 180 21 156 188 112 196 179 236 23 210 213 3 38 215 66 67 42 172 253 14 36 51 191 202 68 84 81 44 124 132 139 203 
183 122 246 78 136 216 147 95 60 7 136 164 137 238 228 119 219 205 166 50 158 221 0 161 163 247 11 22 52 195 49 157 67 177 159 72 52 217 32 212 237 89 108 173 11 188 202 171 121 235 73 50 254 40 24 196 116 69 101 177 240 53 124 15 54 99 166 73 234 26 174 96 253 8 142 110 182 114 235 30 47 35 186 65 125 166 238 6 161 95 61 167 118 190 146 198 213 216 63 89 40 136 9 33 60 192 22 137 150 87 26 222 120 225 16 127 242 124 18 201 
190 141 141 144 107 147 108 137 4 66 132 140 73 7 47 131 2 1 149 141 164 127 157 32 243 154 212 171 125 8 22 45 246 115 139 149 82 13 60 50 237 87 122 53 28 176 7 185 126 50 87 209 204 113 170 109 115 210 101 192 89 41 207 113 40 21 122 239 171 202 116 205 14 78 52 74 65 145 192 146 82 167 127 156 130 94 94 223 65 20 56 204 65 76 228 206 0 23 62 93 170 207 208 91 17 168 29 69 182 222 76 51 237 250 54 190 158 90 134 161 
108 12 40 84 48 9 115 83 220 60 80 216 117 45 95 65 195 151 118 165 119 222 251 67 101 197 112 55 139 85 112 217 113 141 227 220 225 113 239 166 188 156 158 162 78 208 188 128 245 53 50 105 62 100 229 39 141 92 127 174 158 92 222 205 220 142 14 206 67 21 169 146 81 33 57 11 1 96 66 97 191 223 224 172 84 183 0 143 30 231 67 187 159 175 96 80 234 25 2 72 57 140 26 229 6 155 192 39 48 246 57 31 15 21 181 159 150 220 246 189 
158 66 138 250 189 184 158 152 151 96 63 42 108 147 210 53 60 192 29 87 22 2 54 11 13 243 248 106 63 220 178 46 134 155 227 177 2 162 28 164 234 198 100 171 48 74 92 242 61 231 26 141 13 122 203 32 118 125 202 202 245 30 102 64 33 250 3 173 144 206 8 70 56 122 147 155 157 83 198 152 116 33 58 157 233 28 237 149 69 50 184 145 107 186 17 252 208 192 42 27 223 33 170 131 47 151 1 140 162 74 44 172 198 182 86 109 154 56 68 188 
188 229 28 61 167 20 197 60 80 77 196 235 240 235 81 172 230 107 189 151 38 134 146 169 225 39 180 193 166 141 146 21 19 217 92 193 41 122 124 228 221 14 176 45 197 29 138 133 81 98 236 136 243 87 113 178 58 170 11 194 9 112 250 221 171 243 33 129 22 151 190 167 215 18 152 95 126 72 138 89 91 189 105 50 87 170 59 161 85 97 131 186 145 164 134 210 34 208 136 47 83 25 184 161 183 165 94 7 197 8 2 194 240 6 153 97 211 173 114 135 
74 136 231 230 248 10 225 43 251 24 87 162 139 44 163 178 45 117 158 208 96 213 57 140 249 201 17 224 144 55 79 246 201 73 17 238 113 205 129 52 54 173 51 238 222 160 204 133 128 250 172 57 196 91 116 247 222 52 8 119 26 236 108 222 251 229 238 165 96 197 249 116 149 102 166 218 36 204 195 45 32 226 0 51 68 177 50 188 45 215 209 161 150 148 137 147 66 201 186 94 125 236 9 135 164 160 30 13 248 33 100 142 2 71 18 6 196 100 72 160 
73 215 17 155 245 203 222 23 192 154 51 90 108 78 115 137 118 189 204 187 255 240 212 17 183 162 113 163 222 47 123 193 251 101 242 110 235 216 42 125 62 135 172 104 102 63 250 217 167 90 105 93 194 59 166 251 239 129 162 149 185 190 88 216 227 105 34 35 148 191 183 52 237 213 113 165 33 192 177 97 209 70 88 209 14 189 154 59 152 191 242 31 48 204 107 243 41 115 48 179 59 214 176 79 163 136 194 218 143 182 188 119 161 32 142 127 136 207 98 165 
115 237 225 46 199 92 53 218 65 152 175 48 194 130 252 97 37 102 22 45 45 50 142 190 236 18 217 38 74 140 90 36 160 128 131 172 162 183 84 38 212 224 172 229 232 131 172 83 185 188 167 227 236 126 127 78 237 23 231 93 187 138 200 120 149 74 188 246 95 161 100 227 90 77 172 111 214 51 179 160 167 203 17 145 90 24 183 147 123 101 31 22 15 118 102 77 145 141 150 117 46 96 48 53 228 41 216 14 221 201 102 64 213 36 146 212 30 253 80 9 
39 66 96 230 212 229 38 193 73 31 202 249 120 129 74 218 159 190 10 243 255 149 97 69 38 109 195 121 201 247 107 37 36 13 59 56 183 18 74 52 22 248 135 88 29 176 74 160 165 239 94 104 174 76 196 229 71 100 13 64 17 242 163 161 107 206 151 92 206 52 242 103 201 71 22 216 26 219 192 198 41 205 235 192 64 80 189 54 42 40 220 67 214 25 63 251 163 165 228 251 102 63 205 214 150 23 252 175 22 197 117 215 152 71 20 58 32 245 112 51 
250 95 173 29 143 246 224 118 203 254 52 57 69 155 88 55 120 88 131 197 216 57 243 163 194 140 51 199 8 45 150 66 1 16 237 179 86 57 70 40 197 208 225 134 68 153 17 176 10 33 160 244 118 74 126 12 144 141 39 162 111 197 75 104 156 102 228 208 171 14 22 135 88 120 172 244 254 76 132 220 209 81 209 179 191 70 73 92 17 213 138 170 180 114 133 20 3 171 177 222 171 202 165 15 169 229 42 143 6 234 203 107 87 44 207 164 134 29 60 237 
170 185 42 151 210 5 201 17 79 162 123 100 215 95 65 137 113 205 100 145 185 245 63 185 88 91 145 91 196 6 148 138 82 124 11 2 188 93 208 216 32 42 53 91 109 159 65 153 76 9 205 170 93 51 24 82 197 99 37 56 126 142 117 114 121 252 244 183 10 150 243 158 97 173 162 204 74 79 135 249 157 99 247 20 147 187 60 187 152 32 55 2 241 212 181 170 200 93 132 133 251 245 63 186 28 247 165 198 47 43 144 6 87 60 207 152 12 98 76 1 
212 151 113 239 124 206 197 64 9 160 48 86 248 106 120 105 195 106 15 249 252 64 159 27 95 52 135 142 242 150 207 100 28 100 71 137 163 121 51 136 161 220 97 148 141 147 230 79 80 14 62 94 5 233 57 46 127 36 55 103 66 127 167 249 30 47 161 40 2 66 90 119 115 5 130 20 92 173 47 40 84 69 6 74 66 153 58 237 105 212 11 140 55 223 93 80 138 123 36 210 169 138 94 164 216 58 125 214 65 146 205 18 69 36 140 212 13 129 181 252 
97 101 155 17 170 203 26 40 20 73 9 172 187 97 249 61 229 30 207 192 115 115 122 137 199 5 245 210 221 181 114 226 248 201 112 152 107 90 197 159 81 61 89 149 56 70 183 156 142 98 132 225 207 161 196 223 110 100 56 186 92 134 141 204 219 36 252 99 239 209 235 150 87 156 177 70 18 104 228 57 135 251 94 131 219 135 173 80 226 67 252 150 246 108 52 38 226 91 235 15 220 203 14 113 171 41 29 36 175 57 160 215 67 174 151 76 178 88 174 74 
11 217 200 40 196 219 152 242 159 24 212 127 62 205 162 243 88 192 135 88 56 32 206 85 14 131 145 0 254 249 10 17 117 163 149 98 101 178 74 119 154 185 107 129 234 241 175 120 37 15 186 135 188 37 211 168 241 248 100 228 210 58 102 54 17 126 226 202 63 54 201 170 11 146 105 169 176 58 250 234 145 213 244 139 139 165 1 102 197 82 95 218 253 142 100 152 126 24 106 98 98 253 86 209 3 95 2 133 140 87 250 205 168 218 86 127 140 110 126 171 
190 201 122 156 15 128 188 52 196 207 107 235 10 28 211 191 156 223 3 179 173 109 208 132 79 114 93 207 167 18 183 227 200 42 48 45 237 129 225 105 164 34 89 248 93 97 45 108 241 53 8 244 104 155 109 120 124 151 174 74 182 63 7 89 190 185 214 128 8 71 198 62 89 214 77 180 199 53 17 178 184 230 196 102 3 61 45 214 139 154 160 48 157 67 174 124 78 216 104 5 196 202 213 237 143 39 175 167 34 78 87 170 130 49 255 46 7 236 28 6 
126 33 93 113 255 162 96 141 19 122 64 205 163 96 250 252 185 83 235 161 18 16 92 192 213 170 244 169 32 6 53 200 115 238 150 135 9 100 155 111 53 169 69 59 68 50 123 87 74 234 172 94 67 68 77 102 10 34 156 158 203 219 59 103 121 208 35 106 85 20 142 247 193 155 72 195 169 144 141 121 16 135 155 113 167 181 64 83 174 31 151 88 253 34 81 211 91 76 179 32 151 207 75 17 75 127 216 112 30 142 175 182 205 34 76 252 119 45 243 144 
218 45 48 11 188 96 194 143 101 14 55 236 78 115 243 255 105 211 135 99 163 34 193 66 209 200 11 228 175 145 59 98 200 101 209 220 5 110 118 123 51 67 186 139 235 209 74 13 223 252 248 234 190 233 141 13 237 178 141 59 248 65 37 94 227 5 37 209 148 127 183 86 158 83 40 216 187 212 230 134 77 218 11 202 201 143 59 71 16 175 72 117 226 164 130 147 87 35 48 184 241 174 228 91 30 46 223 34 11 10 69 58 188 154 185 46 140 26 8 25 
