208 110 79 172 163 87 147 106 212 199 145 158 202 128 185 183 198 83 109 40 150 140 228 109 170 170 49 110 96 125 36 171 132 193 147 74 37 122 153 56 195 125 160 155 89 87 147 147 154 84 142 35 95 159 59 154 116 103 74 151 
99 175 112 81 69 146 27 88 60 136 112 186 163 121 138 48 51 110 202 130 151 168 209 125 121 112 47 41 244 79 126 138 137 133 164 107 110 108 126 108 123 181 165 105 104 116 58 27 163 162 60 44 129 168 59 74 105 119 14 118 
173 53 132 37 196 99 27 90 26 106 168 207 240 201 107 205 188 58 161 202 122 147 37 190 73 71 212 58 187 114 155 148 156 118 125 95 166 69 151 183 106 130 161 173 198 176 172 61 57 206 157 122 123 137 82 179 124 116 106 125 
151 169 138 149 212 55 24 174 76 178 202 198 142 223 180 55 83 49 151 45 155 43 57 97 216 239 144 59 106 42 196 131 112 193 105 179 151 5 92 131 76 128 222 147 100 148 147 136 83 191 190 46 122 145 111 161 164 166 222 140 
60 82 106 101 215 168 20 51 117 172 96 108 99 115 160 131 156 239 165 136 175 124 111 125 194 212 214 166 28 143 210 43 70 203 68 122 39 77 212 97 135 134 129 232 148 192 190 87 199 143 58 61 101 188 85 129 127 100 85 10 
168 48 125 151 165 154 137 175 137 173 145 85 225 191 120 176 129 200 155 182 116 166 132 119 120 83 131 177 182 40 139 168 89 183 175 122 118 47 216 70 203 187 86 158 100 59 83 183 126 115 112 82 157 155 157 95 81 112 68 190 
79 161 59 128 116 18 166 138 127 85 13 92 142 90 150 134 158 159 211 130 139 127 51 108 110 126 4 107 104 228 135 122 143 31 152 159 200 207 235 122 216 178 184 134 202 177 87 145 206 115 39 227 128 82 83 112 69 77 143 102 
178 53 135 118 101 85 119 140 127 187 213 114 124 81 162 131 242 131 211 195 185 91 84 49 44 202 101 143 146 94 230 160 159 106 133 59 216 136 182 110 93 178 142 184 113 99 38 142 144 124 158 43 114 193 131 154 85 188 146 123 
94 151 162 67 83 120 22 173 127 192 133 166 139 215 62 110 105 157 188 182 46 36 111 223 28 118 159 90 50 138 132 107 113 94 194 186 51 191 79 158 165 160 131 38 188 52 155 147 151 85 142 164 109 126 181 155 156 214 100 140 
164 196 137 57 106 78 112 82 85 118 115 219 142 163 143 136 144 226 161 24 152 79 153 177 82 125 216 194 125 63 153 47 39 111 78 128 194 169 68 82 148 162 78 165 83 105 75 98 134 200 144 50 139 109 201 190 96 99 141 94 
160 14 119 117 114 105 74 125 198 125 200 193 138 205 74 92 216 87 154 103 165 10 153 182 109 96 145 63 140 59 146 140 111 145 180 192 171 246 51 16 76 215 113 80 167 203 122 171 242 38 149 126 85 115 102 102 95 116 166 166 
95 95 199 149 199 173 189 147 70 124 36 33 10 83 91 90 122 44 137 150 176 148 105 81 129 69 127 87 133 145 166 202 145 102 138 129 103 74 115 84 183 118 150 71 106 121 144 114 239 93 15 223 124 44 112 174 136 40 126 138 
36 154 221 135 35 59 153 161 187 119 81 152 125 130 218 19 76 157 189 124 114 138 147 82 169 163 81 129 176 139 97 103 218 56 167 79 164 203 72 85 92 53 144 138 118 160 133 123 188 88 168 179 159 157 168 117 169 98 167 206 
75 213 114 90 153 163 128 163 137 224 186 122 239 48 67 242 99 136 77 134 145 107 143 82 103 131 63 224 64 81 104 212 145 148 122 142 232 222 100 127 61 210 163 156 46 53 136 124 79 238 105 195 157 66 189 157 219 104 102 174 
81 235 137 159 31 101 137 244 106 154 114 124 109 126 168 145 63 33 134 39 95 29 67 214 199 92 136 126 96 158 151 29 48 173 152 149 203 166 105 224 200 79 93 89 103 167 94 23 145 101 221 130 222 70 161 179 123 134 116 129 
163 62 113 73 236 76 117 146 217 110 56 114 175 184 201 207 116 71 71 47 194 96 105 63 187 130 150 134 85 138 115 45 165 218 117 78 74 132 56 216 179 121 85 171 155 247 169 23 128 139 139 16 126 137 153 95 152 154 130 126 
53 119 137 181 104 149 221 157 180 139 171 128 149 139 127 112 119 101 222 102 165 152 103 157 79 57 115 147 123 183 106 161 41 185 144 78 216 136 119 118 136 102 79 112 124 128 221 223 198 35 165 90 92 97 53 139 47 189 201 132 
99 80 61 157 18 142 239 120 131 145 148 102 241 117 116 201 121 119 112 173 147 125 183 198 201 174 115 85 186 133 213 163 69 132 149 156 60 116 107 211 191 133 127 225 154 45 105 112 66 125 206 174 139 90 128 158 41 44 156 168 
130 198 61 57 176 75 123 55 158 232 157 186 74 135 35 158 120 238 101 105 95 140 224 91 122 54 136 75 173 149 139 81 97 24 90 113 93 177 153 10 141 97 152 50 147 216 85 191 172 160 85 228 64 96 49 168 148 185 203 189 
119 166 242 195 161 94 144 203 88 201 87 65 139 109 117 96 144 88 184 158 99 92 174 123 68 175 156 177 159 205 166 69 59 94 163 96 149 150 220 143 138 89 132 173 176 48 119 158 84 190 174 76 107 82 122 151 203 220 71 112 
118 106 221 120 99 170 72 151 142 117 159 192 183 149 218 131 90 147 56 185 157 165 226 150 41 140 103 117 17 38 90 26 161 148 154 55 170 198 120 212 100 49 140 124 106 236 106 177 50 105 72 46 120 85 64 142 137 32 198 151 
211 114 104 68 115 215 153 69 133 52 163 32 170 218 171 89 87 202 89 212 197 71 85 66 189 95 189 135 122 101 141 181 186 188 43 134 110 155 166 220 55 236 118 197 53 9 104 160 152 98 77 138 70 161 84 141 102 99 71 90 
181 210 69 120 99 162 90 124 97 47 94 82 100 165 189 92 131 118 143 113 174 103 98 136 118 159 45 200 45 83 133 78 69 139 98 172 125 142 129 168 155 80 59 98 245 175 110 155 87 37 70 119 92 37 215 111 56 123 105 131 
171 106 210 154 145 163 24 82 127 148 172 131 214 129 102 140 87 162 139 113 179 173 116 116 125 101 89 143 47 87 66 197 133 202 62 143 111 50 57 210 143 63 175 150 163 60 6 100 86 182 203 141 142 199 201 170 182 142 73 198 
136 167 120 149 191 155 205 135 77 170 162 206 60 110 143 214 152 196 81 130 138 34 164 43 146 126 69 21 88 78 135 173 86 38 118 147 151 163 128 123 133 190 138 105 157 113 127 156 89 162 109 73 87 189 158 150 188 71 3 187 
214 128 169 186 124 79 25 96 53 146 159 173 96 209 149 133 92 104 157 84 49 128 75 147 126 61 112 158 87 40 170 156 66 117 107 114 137 239 101 83 182 131 142 151 174 168 66 119 125 129 150 29 111 40 130 129 104 90 125 133 
104 130 80 141 194 54 120 100 118 131 30 192 187 94 161 181 229 164 48 68 39 47 212 164 161 227 237 123 44 125 108 66 164 147 213 155 134 177 177 36 126 181 86 115 117 42 76 109 103 53 158 102 35 149 253 40 80 100 186 156 
92 68 159 77 32 103 88 47 44 123 163 179 144 125 210 108 111 232 121 162 123 110 104 181 148 143 132 92 176 147 69 92 131 166 67 224 139 136 152 150 160 96 190 83 213 203 157 204 152 102 167 143 130 128 51 112 120 86 100 125 
182 87 182 107 95 7 131 123 170 153 231 50 193 103 124 106 84 135 76 162 42 186 130 110 207 94 121 102 168 190 217 158 87 184 99 84 145 107 188 115 47 98 187 94 84 83 136 164 99 108 110 122 68 118 80 144 161 32 98 133 
62 175 157 166 158 137 129 204 151 98 219 145 158 64 90 162 135 124 32 159 139 131 150 207 98 166 98 115 130 235 78 187 75 75 127 93 66 184 153 143 70 193 104 162 128 104 88 168 52 92 115 140 129 59 94 204 126 49 90 143 
112 76 103 49 119 62 162 88 142 147 79 70 58 172 104 152 209 95 215 95 220 80 76 89 101 116 8 67 117 80 98 93 133 65 131 195 180 159 134 176 149 190 103 109 178 194 73 173 117 119 174 115 17 131 99 108 109 178 121 167 
168 73 120 151 185 114 70 149 76 149 90 108 125 178 157 46 24 30 128 27 56 122 145 228 99 123 118 211 197 179 137 227 101 145 167 80 158 96 15 158 23 56 103 81 206 238 194 56 48 162 164 108 184 208 155 126 109 88 131 180 
40 108 149 11 87 128 149 92 80 63 123 203 143 200 131 42 122 134 138 131 32 116 50 88 196 134 158 150 184 195 236 125 125 147 48 150 119 155 109 113 118 223 24 15 84 145 74 176 63 93 172 27 105 167 137 109 188 89 196 159 
155 18 51 191 98 207 105 117 98 26 43 167 44 108 187 151 127 101 161 167 142 139 156 98 138 99 193 166 163 138 52 100 104 148 37 144 128 81 75 169 153 64 169 219 163 52 226 167 175 139 166 50 151 201 70 150 40 93 141 70 
112 178 107 63 147 117 219 97 177 98 76 54 61 138 122 155 109 245 28 165 165 218 131 123 44 177 126 165 123 117 171 236 142 112 142 185 70 67 115 221 121 147 136 31 164 227 196 166 69 177 188 172 177 175 111 75 29 119 159 183 
53 184 57 48 216 173 222 189 150 128 175 80 95 215 173 134 167 57 150 149 128 116 228 136 119 145 181 130 139 100 249 152 80 76 117 113 225 172 90 46 132 143 203 98 167 102 25 195 80 175 87 91 155 94 135 246 154 101 185 178 
90 30 60 143 119 208 141 69 242 155 29 85 230 116 47 78 184 81 124 146 161 82 139 216 126 100 100 127 99 223 208 128 126 47 107 102 143 213 17 59 167 92 37 235 155 96 142 132 126 174 111 34 152 158 163 96 146 163 128 69 
196 110 144 143 166 65 153 134 87 119 157 198 154 203 155 201 70 170 98 92 154 170 30 232 24 208 126 173 103 166 84 210 51 171 155 155 100 122 74 212 38 206 127 195 72 34 181 136 20 226 134 85 168 126 97 109 107 66 42 153 
167 217 135 73 68 56 186 95 64 150 137 155 184 162 197 91 158 27 50 138 124 75 183 147 150 23 112 80 109 80 71 69 47 94 59 53 124 158 187 122 64 221 227 134 156 198 171 216 135 86 75 136 185 200 208 70 20 161 70 166 
10 180 144 198 152 77 46 67 147 158 72 13 49 138 65 134 108 151 199 236 20 198 206 118 150 39 158 52 130 57 193 55 40 136 149 120 216 142 195 93 93 150 171 95 108 141 187 131 97 33 175 170 134 110 92 62 136 181 170 145 
178 167 175 128 91 100 87 74 109 218 214 81 131 228 208 140 168 15 84 125 118 104 186 188 81 168 62 59 38 54 95 197 75 71 145 127 87 55 47 93 113 143 202 167 217 85 238 112 111 83 7 158 89 148 178 85 209 107 108 60 
106 201 165 98 116 83 152 178 125 171 198 44 159 119 34 131 89 146 41 105 147 136 37 193 140 52 226 77 144 89 121 129 126 186 164 104 145 134 183 230 140 214 106 163 171 109 115 163 118 138 39 38 51 138 93 109 94 49 183 79 
149 91 78 112 112 106 95 71 99 134 142 204 172 162 132 67 180 183 154 150 213 140 53 98 186 69 133 200 128 114 124 215 130 68 119 143 48 55 33 129 137 176 107 47 48 62 112 162 117 32 114 117 12 111 115 67 126 118 154 190 
173 83 178 178 116 130 174 146 145 109 30 100 119 214 115 162 77 160 22 76 228 138 123 115 71 131 128 158 88 107 127 176 102 18 83 99 136 150 142 168 104 82 160 148 77 158 126 76 121 89 153 177 115 48 180 23 219 120 183 91 
74 124 247 224 222 69 124 139 82 181 176 135 216 65 183 101 226 130 174 86 58 112 162 227 148 139 195 141 231 85 106 98 239 136 122 216 193 140 35 186 121 44 41 102 99 226 99 122 54 117 92 93 164 112 196 144 82 80 166 85 
77 161 206 46 69 189 157 163 98 16 150 120 137 206 138 99 98 95 173 79 117 154 131 123 175 131 205 162 154 122 102 182 128 170 151 171 146 97 120 186 104 126 77 186 83 126 115 83 154 189 74 127 189 234 122 110 183 83 31 96 
210 108 177 213 141 88 142 77 117 116 201 153 141 98 102 149 42 124 137 139 115 139 89 41 43 183 106 75 171 38 119 96 139 236 91 133 93 167 164 134 183 228 169 67 85 97 211 157 102 155 211 114 99 104 27 174 87 207 73 68 
155 134 147 112 15 29 218 185 212 111 184 141 147 190 232 161 138 92 135 124 121 93 99 207 111 97 106 127 119 56 79 154 125 207 121 163 101 154 55 138 110 50 143 116 166 132 151 73 182 136 195 54 194 77 120 183 68 146 96 178 
101 161 106 170 178 160 36 187 122 69 115 207 47 119 211 97 159 99 169 150 159 98 164 110 139 97 146 160 183 137 196 55 104 220 36 200 50 91 188 134 165 220 71 23 168 128 205 137 102 105 147 150 73 89 87 169 149 171 74 77 
172 71 222 145 60 60 121 247 145 185 91 143 211 128 104 56 158 180 7 137 52 128 152 99 149 210 129 109 124 149 226 48 174 36 117 163 176 56 178 186 47 83 184 62 95 112 240 106 89 114 196 152 53 220 21 122 197 131 130 126 
